*Material_properties
Mass_density, 1.0
Young_modulus, 23.
Poissons_ratio, 0.3
*Node
1,    0.0,   0.0
2,    1.0,   0.0
3,    2.0,   0.0
4,    3.0,   0.0
5,    4.0,   0.0
6,    5.0,   0.0
7,    6.0,   0.0
8,    7.0,   0.0
9,    8.0,   0.0
10,    9.0,   0.0
11,   10.0,   0.0
12,   0.0,   1.0
13,    1.0,   1.0
14,    2.0,   1.0
15,    3.0,   1.0
16,    4.0,   1.0
17,    5.0,   1.0
18,    6.0,   1.0
19,    7.0,   1.0
20,    8.0,   1.0
21,    9.0,   1.0
22,   10.0,   1.0
*Element 
1,   1, 2, 13, 12
2,   2, 3, 14, 13
3,   3, 4, 15, 14
4,   4, 5, 16, 15
5,   5, 6, 17, 16
6,   6, 7, 18, 17
7,   7, 8, 19, 18
8,   8, 9, 20, 19
9,   9, 10, 21, 20
10,   10, 11, 22, 21
*Boundary_dof
1, 1, 0.0
1, 2, 0.0
12, 1, 0.0
*End Part
